Weight Matrix  
Input Layer [i] to Hidden Layer [j] Weights 
W[0][0] : 0.35203877777584125	W[1][0] : 2.416435325638729	W[2][0] : -2.164268506519211	W[3][0] : -1.0084133420417636	
W[0][1] : 0.9140351065126117	W[1][1] : 2.6071504902715312	W[2][1] : -2.670001114340382	W[3][1] : -1.385122172942177	
W[0][2] : -0.4360044395330813	W[1][2] : -0.7798349660685306	W[2][2] : -0.4226360835361993	W[3][2] : 0.8036623392971307	
W[0][3] : 0.3208256694432916	W[1][3] : -0.5146296203485021	W[2][3] : -0.9475415829745866	W[3][3] : 0.5595943484598027	
W[0][4] : 0.14692841016916525	W[1][4] : 0.4893750527739338	W[2][4] : 0.3053063246743275	W[3][4] : 0.40513178925003657	

Hidden Layer [j] to Output Layer [k] Weights 
W[0][0] : 2.1808902285319456	W[1][0] : 0.7520520581847459	W[2][0] : 0.3304879448215241	W[3][0] : -0.31251823666328815	W[4][0] : -0.8010386011333124	
W[0][1] : -2.389900912889831	W[1][1] : 1.8866893114531234	W[2][1] : 0.2557737512406659	W[3][1] : -0.2974527831127496	W[4][1] : -0.6723959699445026	
W[0][2] : -0.7222482128377705	W[1][2] : -3.464537222614393	W[2][2] : -0.5693940111428668	W[3][2] : 0.7107367888444049	W[4][2] : -0.10986837475804045	

Biases To Hidden Layer Neuron [n]: 
B[0] : -0.27560379148876146
B[1] : 0.7738115801882446
B[2] : -0.3233639878261876
B[3] : -0.970701713081956
B[4] : -0.08757025495320181

Biases To Output Layer Neuron [n]: 
B[0] : -3.3062929170322404
B[1] : -0.07589601411982858
B[2] : 3.8981050425956636

Number of Epochs Taken To Converge : 9931

Accuracy for Training Set : 
Total Correct: 174
Total Training Instances : 180
Accuracy : 96.66666666666667%

Accuracy for Testing Set : 
Total Correct: 144
Total Testing Instances : 150
Accuracy : 96.0%